    surgery Age Hospital.Number rectal..temperature pulse respiratory.rate temperature.of..extremities
2         1   1          534817                39.2    88               20                           3
3         2   1          530334                38.3    40               24                           1
4         1   9         5290409                39.1   164               84                           4
7         1   1          526802                37.9    48               16                           1
9         2   1          530051                38.1    80               36                           3
10        2   9         5299629                38.3    90               28                           1
11        1   1          528548                38.1    66               12                           3
12        2   1          527927                39.1    72               52                           2
13        1   1          528031                37.2    42               12                           2
14        2   9         5291329                38.0    92               28                           1
15        1   1          534917                38.2    76               28                           3
16        1   1          530233                37.6    96               48                           3
17        1   9         5301219                38.1   128               36                           3
19        1   1         5290481                37.6    64               21                           1
21        1   1          530157                39.9    72               60                           1
22        2   1          529340                38.4    48               16                           1
25        1   1          533692                38.1    60               12                           3
27        1   1          530526                38.3    72               30                           4
28        1   1          528653                37.8    48               12                           3
31        2   1          529475                37.7    96               30                           3
32        2   1          530242                37.2   108               12                           3
33        1   1          529427                37.2    60               28                           2
34        1   1          529663                38.2    64               28                           1
35        1   1          529796                38.1   100               30                           3
37        2   1          529493                38.3   112               16                           3
38        1   1          533847                37.8    72               28                           3
39        2   1          528996                38.6    52               28                           1
41        1   1          529498                38.1    88               28                           3
43        2   1          530301                38.0    60               12                           3
44        1   1          534069                38.1   120               28                           3
45        1   1          535407                35.4   140               24                           3
46        2   1          529827                38.1   120               28                           4
47        1   1          529888                37.9    60               15                           3
48        2   1          529821                37.5    48               16                           1
49        1   1          528890                38.9    80               44                           3
50        2   1          529642                37.2    84               48                           3
51        2   1          529766                38.6    46               28                           1
55        2   1          529461                40.3   114               36                           3
61        2   1          530438                37.8    48               32                           1
62        2   1          527957                38.5    60               28                           2
63        1   1          528630                37.8    88               22                           2
64        2   1          534293                38.2   130               16                           4
65        1   1          529667                39.0    64               36                           3
66        1   1          534885                38.1    60               36                           3
67        2   1          534784                37.9    72               28                           1
68        2   1          528931                38.4    54               24                           1
70        2   1          530276                38.0    48               12                           1
71        2   1          528214                37.0    60               20                           3
72        1   1          529424                37.8    48               28                           1
74        1   1          528469                38.1    52               24                           1
78        2   1          534753                38.7    52               20                           2
80        1   1          527463                37.5    96               18                           1
81        1   1          527518                36.4    98               35                           3
82        1   1          534756                37.3    40               28                           3
85        1   1          529849                37.8    60               80                           1
86        2   1          529304                38.0    54               30                           2
87        1   1          529388                38.1    88               40                           3
89        2   1          529703                39.0    64               40                           1
92        2   1          529461                40.3   114               36                           3
93        2   1          530251                38.8    50               20                           3
95        2   1          528729                37.5    48               30                           4
96        1   1          535158                37.3    48               20                           3
98        1   1          534145                38.1    88               32                           3
99        2   1          534135                37.7    44               40                           2
100       2   1          530002                39.6   108               51                           3
104       1   9         5292489                38.0   140               68                           1
105       1   1          527563                37.8    52               24                           1
109       1   1          533696                38.7    60               32                           4
110       1   9         5297379                38.4    84               40                           3
111       1   1          527544                38.1    70               16                           3
115       1   1          532349                38.4    44               24                           3
117       1   1          535208                38.0    44               12                           1
118       2   1         5290482                39.5    64               28                           3
119       1   1          533983                36.5    78               30                           1
120       2   1          535166                38.1    56               20                           2
121       1   1          528682                39.4    54               66                           1
122       1   1          534556                38.3    80               40                           3
123       2   1          534579                38.7    40               28                           2
124       1   1          530360                38.2    64               24                           1
125       2   1          529840                37.6    48               20                           3
126       1   1          528461                38.0    42               68                           4
128       1   1         5262541                37.4    50               32                           3
132       2   1          530670                37.6    88               36                           3
133       1   1          534572                38.0    48               20                           3
136       1   9         5287179                38.1   136               48                           3
139       2   1          532349                38.0    56               28                           1
140       2   1          534491                38.0    60               32                           1
141       1   1          529960                38.1    44                9                           3
143       1   1          530402                38.1   120               28                           4
144       1   1          529424                37.8    48               28                           1
145       1   1          534519                37.1    84               40                           3
146       2   1          535246                38.1    80               32                           3
147       1   1          534115                38.2    48               28                           1
148       2   1          530001                38.0    44               12                           2
149       1   1          529272                38.3   132               28                           3
152       1   1          529399                39.3    64               28                           4
153       1   1          533836                38.1   100               28                           3
154       2   1          528804                38.6    48               20                           3
155       2   1          535163                38.8    48               40                           1
156       2   1          528247                38.0    48               20                           3
157       2   1          528996                38.6    52               20                           1
158       1   1          533928                37.8    60               24                           1
160       2   1          528134                38.1    64               12                           1
163       2   1          535176                39.5    60               10                           3
164       1   1          533942                38.0    66               20                           1
165       1   1          528523                38.7    76               28                           1
167       1   1          527916                38.3    40               18                           1
169       1   1          530254                38.4   104               40                           1
172       2   1          527677                39.0    86               16                           3
173       1   1          535292                38.5   129               48                           3
174       1   1          529729                38.1   104               28                           3
177       1   1          535130                38.2    60               30                           1
179       1   1          533968                38.1    60               30                           3
181       1   1          530239                38.4    84               30                           3
184       2   1          534857                37.8    56               16                           1
185       2   1          534053                38.2    68               32                           2
188       1   1          527365                38.4    80               30                           4
190       1   1         5299603                38.3    60               16                           3
191       1   1          528742                37.1    40                8                           3
193       1   1          534788                38.2    48               18                           1
195       2   1          534163                37.9    88               24                           1
197       2   1          529628                38.5    60               20                           1
198       2   1          521399                38.5    96               36                           3
200       2   1          534157                38.5    60               40                           3
201       1   1          528047                37.3    48               12                           1
202       1   1          528641                38.5    86               28                           1
204       2   1          529685                37.2    36                9                           1
205       1   1          529528                39.2    64               23                           3
207       1   1          535137                38.5    96               30                           2
209       1   1          535338                37.8    88               80                           3
210       2   1          534478                37.5    44               10                           3
211       1   1          530401                37.9    68               20                           3
212       1   1          529893                38.0    86               24                           4
213       1   9         5294369                38.9   120               30                           1
214       1   1          528183                37.6    45               12                           3
215       2   1          529183                38.6    56               32                           2
216       1   1          529135                37.8    40               12                           1
220       1   1          529736                38.1    52               28                           3
222       1   1          535031                38.5    92               40                           4
223       1   1          528800                38.1   112               13                           4
224       1   1          528178                37.7    66               12                           1
225       1   1          535392                38.8    50               14                           1
226       2   1          528931                38.4    54               24                           1
227       1   1          528503                39.2   120               20                           4
229       1   1          535196                37.3    90               40                           3
232       2   1          530028                39.5    92               28                           3
234       1   1          530526                38.3    72               30                           4
235       2   1          528729                37.5    48               30                           4
236       1   1          528469                38.1    52               24                           1
238       2   1          533750                37.9    54               42                           2
239       2   1          528702                36.1    88               28                           3
241       1   1          529160                38.0    90               30                           4
242       1   1          529045                38.2    52               16                           1
243       1   1          530354                38.1    36               32                           1
247       1   1          530366                37.6    68               32                           3
248       1   1          530170                38.1    88               24                           3
249       1   1          527709                38.0   108               60                           2
251       1   1          535043                39.3   100               51                           4
252       2   1          527940                36.6    42               18                           3
253       1   9         5291719                38.8   124               36                           3
254       2   1          530561                38.1   112               24                           3
257       1   1          533871                37.5    72               28                           2
259       2   1          534719                37.5    52               12                           1
260       1   1          527734                40.8    72               42                           3
261       2   1          534933                38.0    40               25                           3
262       2   1          529296                38.4    48               16                           2
264       1   1          528743                37.1    75               36                           3
265       1   1          530478                38.3    44               21                           3
266       2   1          528590                38.1    56               68                           3
267       2   1          529865                38.6    68               20                           2
268       2   1          527829                38.3    54               18                           3
270       1   1          527883                39.3    64               90                           2
271       1   1          528570                37.5    60               50                           3
272       1   1          534626                37.7    80               28                           3
273       1   1          529796                38.1   100               30                           3
274       1   1          528638                37.7   120               28                           3
276       1   9         5297159                38.8   150               50                           1
277       1   1          534787                38.0    36               16                           3
278       2   1          528620                36.9    50               40                           2
279       2   1          528019                37.8    40               16                           1
280       2   1          529172                38.2    56               40                           4
282       2   1          530624                40.0    78               28                           3
283       1   1          527544                38.1    70               16                           3
285       2   1          530439                38.5    54               28                           1
286       1   1         5283431                38.5    66               24                           1
290       1   1          529126                38.0    50               36                           3
292       1   1          528890                38.9    80               44                           3
293       1   1          530034                37.0    66               20                           1
295       2   1          533902                38.5    40               16                           1
297       2   1          527702                37.2    72               24                           3
298       1   1          529386                37.5    72               30                           4
299       1   1          530612                36.5   100               24                           3
    peripheral.pulse mucous.membranes capillary.refill..time pain peristalsis abdominal.distension
2                  1                4                      1    3           4                    2
3                  1                3                      1    3           3                    1
4                  1                6                      2    2           4                    4
7                  1                1                      1    3           3                    3
9                  4                3                      1    4           4                    4
10                 1                1                      1    5           3                    1
11                 3                5                      1    3           3                    1
12                 1                2                      1    2           1                    2
13                 1                1                      1    3           3                    3
14                 1                2                      1    1           3                    2
15                 1                1                      1    3           4                    1
16                 1                4                      1    5           3                    3
17                 3                4                      2    4           4                    3
19                 1                2                      1    2           3                    1
21                 1                5                      2    5           4                    4
22                 1                1                      1    1           3                    1
25                 3                3                      1    3           4                    3
27                 3                3                      2    3           3                    3
28                 1                1                      1    3           3                    2
31                 3                4                      2    5           4                    4
32                 3                4                      2    2           4                    2
33                 1                1                      1    3           3                    3
34                 1                1                      1    3           1                    2
35                 3                4                      2    5           4                    4
37                 3                5                      2    3           3                    1
38                 3                3                      1    5           3                    1
39                 1                1                      1    3           3                    2
41                 3                6                      2    5           3                    3
43                 1                3                      1    3           3                    1
44                 4                4                      1    4           4                    4
45                 3                4                      2    4           4                    2
46                 3                4                      2    5           4                    4
47                 1                4                      2    5           4                    4
48                 1                1                      1    1           1                    1
49                 3                3                      2    2           3                    3
50                 3                5                      2    4           1                    2
51                 1                2                      1    1           3                    2
55                 3                1                      2    2           3                    3
61                 1                3                      1    2           1                    2
62                 2                1                      1    1           2                    2
63                 1                2                      1    3           3                    2
64                 3                4                      2    2           4                    4
65                 1                4                      2    3           3                    2
66                 1                3                      1    3           3                    2
67                 1                5                      2    3           3                    1
68                 1                1                      1    1           3                    1
70                 1                1                      1    1           3                    2
71                 1                3                      1    3           3                    3
72                 1                1                      1    1           2                    1
74                 1                5                      1    4           3                    1
78                 1                1                      1    1           1                    1
80                 3                6                      2    3           4                    2
81                 3                4                      1    4           3                    2
82                 3                1                      1    2           3                    2
85                 3                2                      2    2           3                    3
86                 3                3                      3    3           1                    2
87                 3                4                      2    5           4                    3
89                 1                5                      1    3           3                    2
92                 3                1                      2    2           3                    3
93                 1                1                      1    1           1                    1
95                 1                3                      1    3           2                    1
96                 1                2                      1    3           3                    3
98                 3                4                      1    2           3                    3
99                 1                3                      1    1           3                    2
100                3                6                      2    2           4                    3
104                1                1                      1    3           3                    2
105                3                3                      1    4           4                    1
109                3                2                      2    4           4                    4
110                3                2                      1    3           3                    3
111                4                5                      2    2           3                    2
115                1                4                      1    5           4                    3
117                1                1                      1    3           3                    3
118                3                4                      2    3           4                    3
119                1                1                      1    5           3                    1
120                1                2                      1    1           3                    1
121                1                2                      1    2           3                    2
122                1                6                      2    4           3                    1
123                1                1                      1    3           1                    1
124                1                3                      1    4           4                    3
125                1                4                      1    1           1                    3
126                1                1                      1    3           3                    2
128                3                3                      1    4           4                    1
132                1                1                      1    3           3                    2
133                1                3                      1    4           3                    1
136                3                3                      1    5           1                    3
139                2                3                      1    1           1                    1
140                1                3                      1    3           3                    2
141                1                1                      1    2           2                    1
143                3                6                      2    5           4                    4
144                1                1                      2    1           2                    1
145                3                6                      1    2           4                    4
146                3                2                      1    2           3                    3
147                3                3                      1    3           4                    4
148                1                3                      1    3           4                    3
149                3                6                      2    2           4                    2
152                3                6                      2    4           4                    2
153                3                4                      2    3           4                    4
154                1                1                      1    1           3                    2
155                1                3                      1    3           3                    4
156                3                4                      1    1           4                    2
157                1                1                      1    3           3                    2
158                1                3                      2    3           4                    4
160                1                2                      1    2           1                    2
163                1                3                      2    3           3                    2
164                3                3                      1    5           3                    1
165                1                5                      2    3           3                    2
167                1                1                      1    3           1                    1
169                1                3                      1    2           4                    2
172                3                5                      1    3           3                    3
173                3                3                      1    2           4                    3
174                3                5                      2    2           4                    3
177                1                3                      1    3           3                    1
179                3                4                      2    5           4                    4
181                1                5                      2    4           3                    3
184                1                2                      1    2           1                    1
185                2                2                      1    1           1                    1
188                3                1                      1    3           3                    3
190                1                1                      1    2           1                    1
191                1                4                      1    3           3                    1
193                1                1                      1    3           3                    3
195                1                2                      1    2           2                    1
197                1                5                      2    2           2                    1
198                3                3                      2    2           4                    2
200                1                2                      1    2           1                    2
201                1                3                      1    3           1                    3
202                1                3                      1    4           4                    3
204                1                1                      1    2           3                    1
205                1                3                      1    4           4                    2
207                3                4                      2    4           4                    3
209                3                5                      2    3           3                    3
210                1                1                      1    3           1                    2
211                1                2                      1    2           4                    2
212                3                4                      1    2           4                    4
213                3                2                      2    3           3                    3
214                1                3                      1    3           2                    2
215                1                1                      1    1           1                    1
216                1                1                      1    1           2                    1
220                3                4                      1    3           4                    3
222                3                3                      1    2           4                    3
223                4                4                      1    2           3                    1
224                1                3                      1    3           3                    2
225                1                1                      1    3           1                    1
226                1                1                      1    1           3                    1
227                3                5                      2    2           3                    3
229                1                6                      2    5           4                    3
232                3                6                      1    5           4                    1
234                3                3                      2    3           3                    3
235                1                3                      1    3           2                    1
236                1                5                      1    4           3                    1
238                1                5                      1    3           1                    1
239                3                3                      1    3           3                    2
241                3                4                      2    5           4                    4
242                1                2                      1    1           2                    1
243                1                4                      1    5           3                    3
247                1                3                      1    4           2                    4
248                3                4                      1    5           4                    3
249                3                4                      1    4           3                    3
251                4                6                      1    2           4                    1
252                3                2                      1    1           4                    1
253                1                2                      1    2           3                    4
254                3                4                      2    5           4                    2
257                1                1                      1    2           1                    1
259                1                1                      1    2           3                    2
260                3                1                      1    2           3                    1
261                1                1                      1    4           3                    2
262                1                1                      1    1           3                    2
264                1                3                      2    4           4                    2
265                1                2                      1    3           3                    3
266                1                1                      1    3           3                    1
267                1                3                      1    3           3                    2
268                1                2                      1    2           3                    2
270                3                1                      1    3           3                    1
271                3                1                      1    3           3                    2
272                3                6                      1    5           4                    1
273                3                4                      2    5           4                    4
274                3                3                      1    5           3                    3
276                3                6                      2    5           3                    2
277                1                1                      1    4           2                    2
278                3                3                      1    1           3                    2
279                1                1                      1    1           1                    1
280                3                1                      1    2           4                    3
282                3                5                      1    2           3                    1
283                4                5                      2    2           3                    2
285                1                1                      1    3           1                    1
286                1                1                      1    3           3                    1
290                1                1                      1    3           2                    2
292                3                3                      1    2           3                    3
293                3                2                      1    4           3                    3
295                1                1                      1    2           1                    1
297                2                4                      2    4           3                    3
298                3                4                      1    4           4                    3
299                3                3                      1    3           3                    3
    nasogastric..tube nasogastric.reflux nasogastric.reflux.PH rectal..examination abdomen packed.cell.volume
2                   2                  1                   5.0                   4       2               50.0
3                   2                  1                   5.0                   1       1               33.0
4                   1                  2                   5.0                   3       4               48.0
7                   1                  1                   5.0                   3       5               37.0
9                   2                  1                   5.0                   3       5               38.0
10                  2                  1                   5.0                   3       4               40.0
11                  2                  1                   3.0                   2       5               44.0
12                  1                  1                   5.0                   4       4               50.0
13                  3                  1                   5.0                   4       5               46.0
14                  3                  1                   7.2                   1       1               37.0
15                  2                  2                   5.0                   4       4               46.0
16                  2                  3                   4.5                   4       4               45.0
17                  3                  1                   5.0                   4       5               53.0
19                  1                  1                   5.0                   2       5               40.0
21                  3                  1                   5.0                   4       4               46.0
22                  2                  3                   5.5                   4       3               49.0
25                  3                  2                   2.0                   3       4               51.0
27                  2                  1                   5.0                   3       5               43.0
28                  1                  1                   5.0                   1       3               37.0
31                  3                  2                   4.0                   4       5               66.0
32                  2                  3                   6.0                   3       3               52.0
33                  2                  1                   5.0                   4       5               43.0
34                  2                  1                   5.0                   4       4               49.0
35                  3                  3                   5.0                   4       4               52.0
37                  1                  2                   5.0                   3       5               51.0
38                  2                  1                   5.0                   1       1               56.0
39                  1                  1                   5.0                   1       3               32.0
41                  1                  3                   5.0                   4       5               63.0
43                  1                  1                   5.0                   2       2               47.0
44                  1                  1                   5.0                   3       5               52.0
45                  2                  1                   5.0                   3       5               57.0
46                  1                  1                   5.0                   4       5               60.0
47                  2                  2                   5.0                   4       5               65.0
48                  1                  1                   5.0                   1       4               37.0
49                  2                  2                   7.0                   3       1               54.0
50                  1                  2                   5.0                   2       1               73.0
51                  1                  1                   5.0                   3       2               49.0
55                  2                  1                   7.0                   1       5               57.0
61                  1                  1                   5.0                   4       5               37.0
62                  2                  1                   5.0                   1       1               44.0
63                  2                  1                   5.0                   4       4               64.0
64                  1                  1                   5.0                   3       4               65.0
65                  1                  2                   7.0                   4       5               44.0
66                  1                  1                   5.0                   3       4               26.0
67                  1                  3                   2.0                   3       4               58.0
68                  2                  1                   5.0                   3       2               49.0
70                  1                  1                   5.0                   3       2               42.0
71                  2                  2                   4.5                   4       4               43.0
72                  2                  1                   5.0                   1       1               46.0
74                  2                  3                   7.0                   1       4               54.0
78                  1                  1                   5.0                   1       1               33.0
80                  2                  3                   5.0                   3       4               69.0
81                  2                  1                   5.0                   4       4               47.0
82                  3                  1                   5.0                   3       5               36.0
85                  2                  2                   5.5                   4       4               40.0
86                  2                  2                   5.0                   3       4               45.0
87                  3                  1                   5.0                   4       5               50.0
89                  2                  1                   5.0                   3       3               42.0
92                  2                  1                   7.0                   1       5               57.0
93                  2                  1                   5.0                   3       1               42.0
95                  1                  1                   5.0                   1       1               48.0
96                  2                  1                   5.0                   3       5               41.0
98                  2                  3                   1.0                   4       5               55.0
99                  1                  1                   5.0                   1       5               41.0
100                 1                  2                   5.0                   3       5               59.0
104                 2                  1                   5.0                   2       1               39.0
105                 2                  3                   5.7                   2       5               48.0
109                 2                  1                   5.0                   4       5               53.0
110                 1                  1                   5.0                   3       4               36.0
111                 2                  1                   5.0                   4       5               60.0
115                 2                  1                   5.0                   4       5               50.0
117                 2                  1                   5.0                   4       5               42.0
118                 2                  3                   5.5                   4       5               46.0
119                 2                  1                   5.0                   3       4               34.0
120                 1                  1                   5.0                   3       4               46.0
121                 1                  1                   5.0                   3       4               39.0
122                 2                  2                   5.0                   1       4               67.0
123                 2                  1                   5.0                   1       4               39.0
124                 2                  1                   5.0                   4       4               45.0
125                 2                  1                   5.0                   1       1               37.0
126                 2                  2                   5.0                   4       4               41.0
128                 2                  1                   5.0                   1       4               45.0
132                 1                  3                   1.5                   3       4               44.0
133                 2                  1                   5.0                   3       5               43.0
136                 2                  2                   4.4                   2       4               33.0
139                 1                  1                   5.0                   1       1               42.0
140                 1                  1                   5.0                   3       4               50.0
141                 1                  1                   5.0                   4       5               31.0
143                 2                  1                   5.0                   4       5               57.0
144                 2                  1                   5.0                   1       1               46.0
145                 3                  2                   2.0                   4       5               75.0
146                 2                  1                   5.0                   3       4               50.0
147                 1                  3                   2.0                   4       5               42.0
148                 1                  2                   6.5                   1       4               33.0
149                 2                  3                   6.2                   4       4               57.0
152                 1                  3                   4.0                   4       4               75.0
153                 2                  1                   2.0                   3       4               68.0
154                 2                  1                   5.0                   3       2               50.0
155                 2                  1                   5.0                   3       5               41.0
156                 2                  1                   5.0                   3       2               49.0
157                 1                  1                   5.0                   1       3               36.0
158                 2                  3                   2.0                   3       5               52.0
160                 3                  1                   5.0                   1       3               44.0
163                 2                  1                   5.0                   3       4               38.0
164                 1                  1                   5.0                   3       4               46.0
165                 2                  2                   5.0                   4       4               50.0
167                 2                  1                   5.0                   2       1               43.0
169                 2                  3                   6.5                   3       4               55.0
172                 2                  2                   5.0                   3       4               68.0
173                 1                  3                   2.0                   3       4               57.0
174                 2                  3                   5.0                   4       4               69.0
177                 2                  1                   5.0                   3       2               48.0
179                 1                  1                   5.0                   4       4               45.0
181                 2                  3                   6.5                   4       4               47.0
184                 2                  1                   5.0                   1       4               44.0
185                 3                  1                   5.0                   1       1               43.0
188                 3                  3                   5.0                   4       5               32.0
190                 2                  2                   3.0                   1       4               30.0
191                 1                  1                   5.0                   3       3               23.0
193                 1                  2                   5.0                   4       4               48.0
195                 2                  1                   5.0                   4       1               37.0
197                 2                  1                   5.0                   2       3               63.0
198                 1                  2                   5.0                   4       5               70.0
200                 2                  1                   5.0                   3       2               49.0
201                 2                  1                   5.0                   3       3               40.0
202                 2                  1                   5.0                   3       5               45.0
204                 2                  1                   5.0                   4       1               35.0
205                 2                  1                   5.0                   3       4               36.0
207                 2                  1                   5.0                   3       5               50.0
209                 2                  3                   5.0                   4       5               64.0
210                 2                  1                   5.0                   3       3               43.0
211                 2                  1                   5.0                   1       5               45.0
212                 1                  1                   5.0                   4       5               45.0
213                 3                  1                   3.0                   3       4               47.0
214                 2                  1                   5.0                   1       4               39.0
215                 2                  1                   5.0                   2       4               40.0
216                 2                  1                   5.0                   1       2               38.0
220                 2                  1                   5.0                   4       4               37.0
222                 2                  1                   5.0                   4       4               46.0
223                 2                  1                   4.5                   4       4               60.0
224                 2                  1                   5.0                   4       4               31.5
225                 1                  1                   5.0                   3       5               38.0
226                 2                  1                   5.0                   3       2               49.0
227                 1                  3                   5.0                   3       4               60.0
229                 2                  2                   5.0                   1       5               65.0
232                 2                  3                   5.0                   4       4               72.0
234                 2                  1                   5.0                   3       5               43.0
235                 1                  1                   5.0                   1       1               48.0
236                 2                  3                   7.0                   1       4               54.0
238                 2                  1                   5.0                   3       2               47.0
239                 2                  3                   5.0                   3       4               45.0
241                 2                  1                   5.0                   4       5               55.0
242                 1                  1                   5.0                   1       4               43.0
243                 2                  3                   4.0                   3       4               41.0
247                 2                  2                   6.5                   1       5               47.0
248                 2                  1                   5.0                   3       4               41.0
249                 2                  1                   5.0                   3       4               46.0
251                 1                  3                   2.0                   3       4               66.0
252                 1                  1                   5.0                   3       5               52.0
253                 1                  1                   5.0                   4       4               50.0
254                 2                  1                   5.0                   4       4               40.0
257                 1                  1                   5.0                   1       4               35.0
259                 2                  1                   5.0                   3       5               36.0
260                 2                  1                   5.0                   3       4               54.0
261                 1                  1                   5.0                   4       4               37.0
262                 2                  1                   5.0                   3       2               39.0
264                 2                  3                   5.0                   4       4               48.0
265                 2                  1                   5.0                   1       5               44.0
266                 2                  1                   5.0                   1       4               40.0
267                 1                  1                   5.0                   1       5               38.0
268                 2                  3                   5.4                   3       4               44.0
270                 1                  2                   6.5                   1       5               39.0
271                 2                  2                   3.5                   3       4               35.0
272                 2                  3                   5.0                   3       1               50.0
273                 3                  3                   5.0                   4       4               52.0
274                 1                  1                   5.0                   3       4               65.0
276                 1                  1                   5.0                   3       4               50.0
277                 3                  3                   2.0                   3       4               37.0
278                 3                  1                   7.0                   3       4               37.5
279                 2                  1                   5.0                   1       1               37.0
280                 2                  2                   7.5                   3       4               47.0
282                 1                  1                   5.0                   4       1               66.0
283                 2                  1                   5.0                   4       5               60.0
285                 2                  1                   5.0                   1       4               40.0
286                 2                  1                   5.0                   4       5               40.0
290                 2                  1                   5.0                   3       4               39.0
292                 2                  2                   7.0                   3       1               54.0
293                 1                  1                   5.0                   1       5               35.0
295                 2                  1                   5.0                   3       2               37.0
297                 3                  1                   5.0                   4       4               44.0
298                 2                  1                   5.0                   3       5               60.0
299                 3                  1                   5.0                   4       4               50.0
    total..protein abdominocentesis.appearance abdomcentesis.total..protein outcome surgical.lesion
2            85.00                           2                          2.0       3               2
3             6.70                           2                          2.6       1               2
4             7.20                           3                          5.3       2               1
7             7.00                           2                          2.6       1               1
9             6.20                           2                          2.6       3               1
10            6.20                           1                          2.2       1               2
11            6.00                           2                          3.6       1               1
12            7.80                           2                          2.6       1               1
13            7.00                           2                          2.6       1               2
14            6.10                           1                          2.6       2               2
15           81.00                           1                          2.0       1               1
16            6.80                           2                          2.6       2               1
17            7.80                           3                          4.7       2               2
19            7.00                           1                          2.6       1               1
21            6.10                           2                          2.6       1               1
22            6.80                           2                          2.6       1               2
25           65.00                           2                          2.6       1               1
27            7.00                           2                          3.9       1               1
28            5.50                           2                          1.3       1               2
31            7.50                           2                          2.6       2               1
32            8.20                           3                          7.4       3               1
33            6.60                           2                          2.6       1               1
34            8.60                           2                          6.6       1               1
35            6.60                           2                          2.6       1               1
37            6.00                           2                          1.0       3               2
38           80.00                           1                          2.0       1               1
39            6.60                           1                          5.0       1               2
41            6.50                           3                          2.6       2               1
43            7.00                           2                          2.6       1               2
44           67.00                           2                          2.0       3               1
45           69.00                           3                          2.0       3               1
46            6.50                           3                          2.6       2               1
47            7.50                           2                          2.6       1               1
48            6.50                           2                          2.6       1               2
49            6.50                           3                          2.6       2               1
50            5.50                           2                          4.1       2               2
51            9.10                           1                          1.6       1               2
55            8.10                           3                          4.5       3               1
61            6.70                           2                          2.6       1               2
62            7.70                           2                          2.6       1               2
63            8.00                           1                          6.0       2               1
64           82.00                           2                          2.0       3               2
65            7.50                           3                          5.0       1               1
66           72.00                           2                          1.0       1               1
67           74.00                           1                          2.0       1               1
68            7.20                           1                          2.6       1               2
70            6.30                           2                          4.1       1               2
71            7.60                           2                          2.6       3               1
72            5.90                           2                          7.0       1               2
74            7.50                           2                          2.6       2               1
78           77.00                           2                          2.6       1               2
80            8.90                           3                          2.6       1               1
81            6.40                           3                          3.6       2               1
82            7.35                           3                          2.0       1               1
85            4.50                           2                          2.6       1               1
86            6.20                           2                          2.6       1               2
87            7.70                           3                          1.4       2               1
89            7.50                           2                          2.3       1               2
92            8.10                           3                          4.5       2               1
93            6.20                           2                          2.6       1               2
95            8.60                           2                          2.6       1               2
96           69.00                           2                          2.6       1               1
98           60.00                           2                          2.6       3               2
99           60.00                           2                          2.6       1               2
100           8.00                           2                          2.6       1               2
104           5.30                           2                          2.6       1               1
105           6.60                           1                          3.7       2               1
109          64.00                           3                          2.0       3               1
110           6.60                           2                          2.8       2               1
111           7.50                           2                          2.6       2               1
115          77.00                           2                          2.6       1               1
117          65.00                           2                          2.6       1               1
118           6.70                           1                          2.6       3               1
119          75.00                           2                          1.0       1               1
120          70.00                           2                          2.6       1               2
121           6.00                           2                          2.6       1               1
122          10.20                           2                          1.0       3               1
123          62.00                           1                          1.0       1               2
124           7.50                           1                          2.0       2               1
125           5.50                           2                          2.6       3               1
126           7.60                           2                          2.6       1               1
128           7.90                           2                          1.0       1               1
132           6.00                           2                          2.6       2               1
133          73.00                           2                          1.0       1               1
136           4.90                           2                          2.9       2               1
139          71.00                           2                          2.6       1               2
140           7.00                           1                          1.0       1               2
141           7.30                           2                          2.6       1               2
143           4.50                           3                          3.9       2               1
144           5.90                           2                          7.0       1               2
145          81.00                           2                          2.6       3               2
146          80.00                           2                          2.6       1               1
147          71.00                           2                          2.6       1               1
148           6.50                           2                          2.6       2               1
149           8.00                           2                          5.2       1               1
152           7.35                           3                          4.3       2               1
153          64.00                           3                          2.0       1               1
154           7.30                           1                          2.6       1               2
155          65.00                           2                          2.6       1               1
156           8.30                           1                          2.6       1               2
157           6.60                           1                          5.0       1               2
158          75.00                           2                          2.6       3               1
160           7.50                           2                          2.6       1               2
163          56.00                           1                          2.6       1               2
164          46.00                           3                          2.0       3               1
165           8.00                           2                          2.6       1               1
167           5.90                           1                          2.6       1               2
169           8.50                           2                          2.6       1               1
172           5.80                           3                          6.0       2               1
173          66.00                           3                          2.0       1               1
174           8.60                           2                          3.4       2               1
177          66.00                           2                          2.6       1               1
179          70.00                           3                          2.0       1               1
181           7.50                           3                          2.6       2               1
184          68.00                           1                          1.0       1               2
185          65.00                           2                          2.6       1               2
188           6.10                           3                          4.3       1               1
190           6.00                           1                          3.0       1               1
191           6.70                           3                          2.6       1               1
193          74.00                           1                          2.0       1               1
195          56.00                           2                          2.6       1               2
197           7.50                           2                          2.3       3               2
198           8.50                           2                          2.6       2               1
200          59.00                           2                          2.6       1               2
201           6.60                           2                          2.6       1               1
202           7.40                           1                          3.4       2               1
204           5.70                           2                          2.6       1               2
205           6.60                           1                          3.0       1               1
207          65.00                           2                          2.6       1               1
209          89.00                           2                          2.6       3               1
210          51.00                           1                          1.0       1               2
211           4.00                           3                          2.8       2               1
212           5.50                           1                         10.1       2               1
213           6.30                           1                          2.6       1               2
214           7.00                           2                          1.5       1               1
215           7.00                           2                          2.1       1               2
216           7.00                           2                          2.6       1               1
220           8.10                           2                          2.6       1               1
222          67.00                           2                          2.0       1               1
223           6.30                           3                          2.6       1               1
224           6.20                           2                          1.6       1               1
225          58.00                           2                          2.6       1               1
226           7.20                           1                          8.0       1               2
227           8.80                           3                          2.6       2               1
229          50.00                           3                          2.0       3               1
232           6.40                           2                          3.6       2               2
234           7.00                           2                          3.9       1               1
235           8.60                           2                          2.6       1               2
236           7.50                           2                          2.6       2               1
238          54.00                           3                          1.0       1               2
239           7.00                           3                          4.8       3               1
241           6.10                           2                          2.6       2               1
242           8.10                           2                          2.6       1               2
243           5.90                           2                          2.6       2               1
247           7.20                           1                          2.6       1               1
248           4.60                           2                          2.6       2               1
249           7.35                           3                          2.6       1               1
251          13.00                           3                          2.0       3               1
252           7.10                           2                          2.6       2               1
253           7.60                           3                          2.6       2               1
254           5.30                           3                          2.6       1               2
257          65.00                           2                          2.0       3               1
259          61.00                           1                          1.0       1               2
260           7.40                           3                          2.6       2               1
261          69.00                           2                          2.6       1               2
262           6.50                           2                          2.6       1               2
264           7.40                           3                          3.2       2               1
265           6.50                           2                          4.4       1               1
266           6.00                           2                          2.6       3               1
267           6.50                           1                          2.6       1               2
268           7.20                           3                          2.6       1               2
270           6.70                           2                          2.6       1               1
271           6.50                           2                          2.6       2               1
272          55.00                           3                          2.0       1               1
273           6.60                           2                          2.6       1               1
274           7.00                           3                          2.6       2               1
276           6.20                           2                          2.6       2               1
277          75.00                           2                          1.0       3               2
278           6.50                           2                          2.6       1               2
279           6.80                           2                          2.6       1               2
280           7.20                           1                          2.5       1               2
282           6.50                           2                          2.6       2               1
283           7.50                           2                          2.6       2               1
285           6.80                           2                          7.0       1               2
286           6.70                           1                          2.6       1               1
290           6.60                           1                          5.3       1               1
292           6.50                           3                          2.6       2               1
293           6.90                           2                          2.6       2               1
295          67.00                           2                          2.6       1               2
297           7.35                           3                          3.3       3               1
298           6.80                           2                          2.6       2               1
299           6.00                           3                          3.4       1               1
    type.of.lesion1 type.of..lesion2 type.of.lesion3 cp.data
2              2208                0               0       2
3                 0                0               0       1
4              2208                0               0       1
7              3124                0               0       2
9              3205                0               0       2
10                0                0               0       1
11             2124                0               0       1
12             2111                0               0       2
13             4124                0               0       2
14                0                0               0       1
15             2112                0               0       2
16             3207                0               0       2
17             1400                0               0       1
19             4205                0               0       1
21             2111                0               0       2
22                0                0               0       2
25             3111                0               0       2
27             3111                0               0       1
28             4122                0               0       1
31             4205                0               0       2
32             2207                0               0       1
33             2209                0               0       2
34             2208                0               0       1
35             1124                0               0       2
37             5205                0               0       1
38             3111                0               0       2
39                0                0               0       1
41             4205                0               0       2
43             3111                0               0       2
44             3205                0               0       2
45             3205                0               0       2
46             3205                0               0       2
47             2305                0               0       1
48                0                0               0       2
49             7111                0               0       2
50             4300                0               0       1
51             3111                0               0       1
55             7400                0               0       1
61             2124                0               0       2
62                0                0               0       2
63             3205                0               0       1
64             2209             1400               0       2
65             2113                0               0       1
66             2208                0               0       2
67             2322                0               0       2
68             3111                0               0       1
70             3111                0               0       1
71             2209                0               0       1
72                0                0               0       1
74             2112                0               0       1
78                0                0               0       2
80             2208                0               0       1
81             2205                0               0       1
82             3111                0               0       2
85             5206                0               0       1
86              400                0               0       2
87             4205                0               0       1
89             5000                0               0       1
92             3205                0               0       1
93                0                0               0       2
95                0                0               0       2
96             3205                0               0       2
98             3205                0               0       2
99                0                0               0       2
100            4300                0               0       1
104            7111                0               0       2
105            5400                0               0       2
109            3205                0               0       2
110            2205                0               0       1
111            2112                0               0       2
115            3205                0               0       2
117            3205             3111               0       2
118            4205                0               0       2
119            3112             6112               0       2
120               0                0               0       2
121            2206                0               0       1
122            2208                0               0       2
123               0                0               0       2
124            3205                0               0       1
125            2205                0               0       2
126            2205                0               0       2
128            2208                0               0       1
132            1400                0               0       2
133            3111                0               0       2
136            2205                0               0       1
139               0                0               0       2
140               0                0               0       2
141            5124                0               0       2
143            3205                0               0       1
144               0                0               0       1
145            1400                0               0       2
146               0                0               0       2
147            3111                0               0       2
148            2209                0               0       2
149            2112                0               0       1
152            2207                0               0       1
153            2209                0               0       2
154            3111                0               0       1
155            4124                0               0       2
156             400                0               0       1
157               0                0               0       1
158            2205                0               0       2
160               0                0               0       1
163               0                0               0       2
164            6209                0               0       2
165            2208                0               0       1
167               0                0               0       1
169            2124                0               0       2
172            5400                0               0       1
173            2206                0               0       2
174            2207                0               0       1
177            6112                0               0       2
179            6111             3111               0       2
181            2300                0               0       2
184               0                0               0       2
185               0                0               0       2
188            7209                0               0       1
190           31110                0               0       2
191            3133                0               0       1
193            5111                0               0       2
195               0                0               0       2
197             300                0               0       1
198            1400                0               0       1
200               0                0               0       2
201            3205                0               0       1
202            3209                0               0       1
204           31110                0               0       2
205            3115                0               0       1
207            6111             3112               0       2
209            3205                0               0       2
210               0                0               0       2
211            5400                0               0       1
212            3111                0               0       1
213            2124                0               0       2
214            2112                0               0       1
215               0                0               0       1
216            3111                0               0       2
220            2111                0               0       2
222            2208                0               0       2
223            2205                0               0       1
224            2208                0               0       1
225            3111                0               0       2
226            3111                0               0       1
227            2205                0               0       2
229            3205                0               0       2
232            3300                0               0       2
234            3113                0               0       1
235             400                0               0       2
236            2206                0               0       1
238               0                0               0       2
239            2209                0               0       1
241            3205                0               0       2
242               0                0               0       1
243            2205                0               0       2
247            3209                0               0       2
248            2209                0               0       2
249            2205                0               0       2
251            2113                0               0       2
252            5111                0               0       2
253            2208                0               0       1
254             400                0               0       1
257            7209                0               0       2
259               0                0               0       2
260           11400                0               0       1
261               0                0               0       2
262            3111                0               0       1
264           12208                0               0       1
265            2209                0               0       1
266            5206                0               0       2
267            5124                0               0       1
268            2124                0               0       1
270           31110                0               0       2
271            2209                0               0       2
272            4206                0               0       2
273            2124                0               0       2
274            4205                0               0       1
276            4207                0               0       2
277            3111                0               0       2
278            3111                0               0       2
279               0                0               0       2
280            8300                0               0       1
282            8400                0               0       1
283            1400                0               0       2
285               0                0               0       1
286           31110                0               0       1
290            8400                0               0       1
292            7111                0               0       2
293           31110                0               0       2
295               0                0               0       2
297            2208                0               0       1
298            3205                0               0       2
299            2208                0               0       1
